1111111111.

1111111111 111.

1111111111 111 1111111171 111 111111 1171
1111111111 1111111111. “ ¹. · '

111111. 5
11111111111111111111111,
1.111111111111111.11 261. 1111111111111111111111
111 111111111111ς11111111111111.3111111 11111111 111111
1111 11111111111111111111111111111111..Ἰ)1.11111111.
211111113611111111.1111111111111111111111,
1111111111111111111111251111110. 11111111 1111111 (111 111
1111111111111111111111111111.11.· 1111111111111. 1111111
111111 1111111111. 11111111. Dr. 1111.
3. 1111111111. 8 61. 11111 1111111111. 1, 6111111
5. l, 1. 3. 4. (2 61.) 1111111111111611111111111111111111 111
(1111111111. (2 61.) 1111111111Τ11.61111.,ῦίο.1111
Β1111111111111;’111.111.11.1. (361.) 1111111111161111·
11111111. (1 61.) 111111111111111.
4111111111. 661. 6111111111111. 1111111 1111111
111-111. (2 61.) 111. 11111111. -· 555555 5. 11, 1-65·

 

