L.

78

m

1) 222 22222122 222 22222 2222222 Dr. 22222 222222.
222222 -
2) 8 2222122222· 2122222222 22222222 Dr 22222222 2222ι
2222 222222 2221222222, 21222222 28222222 22222222, 2322
22222122. 22222222 2222222222 ·

)822222212222222222;112222222222222222212222
2122222222, Dr 2222222122 222222222222, 2222822222.
12221222222222222, 2222222222222 222222222222222.
8222 22222222 222222.

wat 22221222222 222222 222122 22222222 222
222 2222221222 2222222222222222 ·
2)2 22 22222222222222 8222222 22222222 22221222..

’ (2222222 222 2222222222 222222 222222), 3222222222.

8222222222.

. 2222 &55153551 222222 22212. 222222 18112 171. 222222
222222 222 2222 222222 222 222222222222222 22222 8 2222 222222
2222 222 22222222222222 (2 22) 222222 1222222222, 4 22 22-
22222222 2222222222) 22 22 222 222 2222 222 2222222221
1821112 2222 162 2222222222.

222 22222222222222 1872 belief 2222 2212 2222222222 2221
54 62222222 222 (2222222222 22) 219 122222 2222 222 12222)

222 62222222222222222222 2 2222 3221222222 222 222222 (J. 5. 72),
222 15 2222 22222ῑυὶ22222 222 (2222222222222 (4 222 nubere}
(2222222222 1 2222 2222 222222 2222222222,1022 2222222221
2222222222), 2222222222 12. 2222 622222 222222 6222222222)
222222 22222222 222 22221222 202 62212222.
222 2222222222222 222222 6 6222222 222 2222222222 211.
2222222 2222 2222222222 2222 2222222 555 2222 622222 222 3
6222221222 22222222 4 222222222222222222222 (5575), 232222 1
2122222222 222 212222222222122 (3 22) 222222 1222222222, 20 22
22222222 2222222222). ’

 

