Q

——un'

QQQ 99 99999 999999.

, Q 1191991999. ’
(Pseuko.·l‚ 1-14. S p. 1-39.· Η, M 1-35.)

⁴ 1999 y
1199.1,...(891-9 IQMI.)

999 1991199 99999 9991991 911 999 999199 ,1119999911
991 9191919919191999919 199 9919911999 991199, 99919999 91
Q 1999999919 99191999 9199999999 9919919999 991 1191119911,
9911119199 9999999999,9.9.999(911)111999(9919999

119199 9999, 9111 919 9999 9919 QQQQQ 999 911999 99199
Q 9999 1199919 · ·-

991999991199999 9999991199999919199999999911
11999 9919191999, 1991991 99991 1999 119199 911, 9999199919
9999111999999919991 999 9999999999 9999 1999 11999919
99911999 11119119 999 99919919. 119199-9119999999999 abet QQ
9199999199, 9991991919999191919119991119199, 9999 19199399
99919911 999999, 999 191911 919 91999919 9999999999· 1199999 19199
1199 99999 191999 99999, Qo 199 Q 9199 1199999999, 9119
,9919991111 991, 1999999 9999191919 QQ 9999 99119919 9999919 99
Q QQQQQ 999 991999 999 9119999999 1999 9991199919
9199 911 9199999999 99111119 99111191 ‘Q 19 999 9919919991
1919919 99999 11991999 9911199999 999 991 9199999 999119
99119999 ·- . .

991 9999991 9119, 9999919999 91999199911919 991 1119 Q

’ 9999 9919999999, 999 19199 9911119 9 999 1199911999199191911

1919 911191 999 19199 1191999999, 19911 991 8,119999191119991

1919991199. 99 99991919 999 991 11999 G 9991

999999 99919199991911999939199. 3991911 9199 991 99999

Νεῖλον διαμετρησάμενοι bei A 9111 SQQQQQQ. 1) QQQQQ Qfl
¹) W’ nilus nbbo 99-9999999191 lhqu).

 

