,61

1661116111 2116111212111616111611116118261611116 666
211666116111666. 12 66) 1161116 ,

· 5. 6666611116 266 6111611661 21116116 6246
— 326 666666 666) 11116 6 666 4 1161166111 6111 11211616
161111661111111121611161111.. 1111661 666 11611111. 1111616616616
’11111166 6111611 ..1 666. 12116166. ‘-

6 61111611126116111111.3212161161616
6111611111 6111611111 666 1648 111 1815 611111116161116166 116
616661111111161111 611 1161111161 3111..-6166161’6111 666 666666
6111661116162111161166 1,)1.211111116.., . ·

1116111661ἰὶ 464 1) 1111166161 6111661161111
1111111111 666 11116611 1166166116 611 1111116611 616 2111161 1111
111161111661111611116616 161611166111 6116116111111116 211
1111111116 6611116161611616 1611116 21111616161161121111166
616 6111 1111111111 2111611116 1116161611111161111661161111
1- 29, 666 6 611- 64 2) 1611616111 1116161166 666 11161661
666 211111 1.. 211 8111116661 111111 6611116616 1 611 1 111·
61611111111616 666 1261111 2161116111111 1-100. Dr. 1111116111.

8 1116116661. 366 6. 11111611 161 12111161166611.
66. 1611111666.

’. 666-6666. ·

,ἰ ’, 6111111116’16111111611111 ' ”

1.- 1111161611. 266. 1. 666 1611612116116, 6111611616
21111211166216161116111116.121161116166661126661116116111 .
66666666666 611 1. 2111111 2116611116 6161111616616116.

6666166111 666 1111111616. 2111661111616111611111.111
1166116

2. 2161111. 2 64 6666 666666 666 66666666
61161611211111111116616 611 6166166111 166 611 6166111116

 

