A...

1331131111311 1113 bet 31113111 1111113111 3111113111 3). 131
11111311 111111 11111111 111 1111, 3111113111 1133111313 1113311111
11313111 1111111 1111111111111113331111 1111 3111313311 1111111111
11131 1113111111 6131, 1111 1111311111 111 11111111111111113
11111 1111313 3111111 13111111 133111 111 1111 1111311111 111 3111113111
1113311113). 111111331131311313111111 3111 1113311 1111113111
1111111 1111 3131111 111111 3111111 -111111111111 311111.
1313133111 11111111113131113 111 3111313111111113111111111311,
3111 311 1111 3111111111 1. 1131 111 1113131131313131111111, 111
3111113131 31113111 3113). 11111311 111311 333111131113111311
11111 3111111111 1111 3131111 1111311131 1111 ,ὃ13111111
1111 3111311111, 111 1111 1113 1111111111 1131311131 31131113
111 11111111 13111111 1111 ,313311 1111111311 3). ·

’ 1113111 111111) 11111111113111111 (1. 3 111
3333131111111311111111111)1111111111111111 11111 Madsehudseh
1111 111311131111131 311111 13111111 11111111 1133111311. “’ 111111

1131 311111 1111311111 3111111311 11131311 3111111313), 31 31111111 111

¹) ll,6— 13 111111 1113111 13111131111111111 111111 31111 13 311111
33111111 111 111, 31313 1111131111 111113 311311 1111311 11131111 1111111313
,1. 1. 11. 1111311111 111311. 13. 1111111111131 111311 ὅ 410.

’ - 3)1131··313133111;11111. 1111111111, 7 11111311113131311 1131311
1111111 11111, 111, 23 111110 313113111111111, 311.13,11131;311111311311
111 11133113111331.1111113131113 Q* 351 111111113111311 111 311 1111.

3) 61131 1111311331440.111311111311131

*1)31311 13111111. 1133. -

3) 3111111111, 333-33μ-11131111111 31111313311111111 11111111
1111111331 1133311113 111113 1111111311 1111111111111. -

3) 1111111 11 1113 313111 1111111 3133111111111111111 (1131. 111 11131111
11113111 111 111113, 31111111, 1111111111-3111311 1111 vul. 11. 111. 1111. 11131111
3131131 111 11113311113111.· 11131113. ’11111 &megae 1113111113131111111
13111111111611-6113 11111 1113 11131113131111111 (11113131111111 11111311
1113131311 1131111111111111111111311111113 3631113111 Q 11-111), 113 11113
11131111 111131-311111111 111 1111111111331111311131111·11111313111311131311 3111111·
11113131111111131 3113113111 311, 11331113113111 3113 311111111111111111111
11111113 1111 111 1111111111 1111113131 3111-«1111111111111 3113311113111
11113111 11313133111311 1311111111 111 111111113311 1111131111 (11311111

 

