89

w

1111111111 1111 (1111111111. 3 11. ’1111111111
11111111-11111111111111 ((11111111111111 111 11111111

1111111111 11111). Dr. 11111111. 1111 1111111111 (111
ιιιιιῐιιι 1111111111. 1111111ιιιι111.

1111111111 411. 111111111111 111111111111111
ιιι ,161111 mit 111111111311111111111 111 ,ιιι 1111 111111Ξ
ιιιι1ιιίιιι 1. 11111 mit 11111111111111111111. 1111111111 111
1111 111 1614. 1111111111 1111 11111 ιιι 111 (1111111111.

1111111111 ιιιι1 1111111ιί11 111 ιιι 111111 1111111111 1111111111).
88 1111111111

8 11ι 111 161 11111111111111111111111111111
1111111 111111. 111. 1111111111.
1111111111 &t 1111111111 mit 011111111111.

Qu 1111ιὰ111 ’111 111 11111111 turma
8111 1. 1. 11111111111111111111111111 11111111111111111111

auf ἰιιιῐιιιι 11111ιᾶ1111. ·
1111111111 auf 111 111111.Ι ·
11111111111111111 6111111111 1810. ·
1111 1111111 11111ιιὶ1111111ιιι 1111911111ιῇ 111 11111111
, 111 111111111161111111 11111111 .·
5. ingenio 1111111111 subdere fama solet. (11111)
311 88. 1111111111111111111 ιιι 111 31111111 111 (1111111111
111 1111111111 11111111 1111111 ιιι 1111111111.
. 2. 1111 1111111111ιί11 (1111111 11111111. 1111 111
humanam ,111 1111111111 ιι 11111111.
,1. 111111 1111111. (111 1111111111 1111 11111111.)
1) 1111 111111 11ιι 11111111 111 1111111111 1111111
. , 11111 1111111111, ,
Νι.111111111111111111111111 11111111] 11111111. 11111111
1111111111. bunun 1111111111. .
5.,111111111111111 11111 111 1111111111 ιιι ,1111111 1111
- 11111111 111 11111111. b) 1111111111 1111111111111
8‘

 

