57

Ἣ

775777 555 77775777 555555551555 577 5 178. 5577777775 555
77577 77775 7577775755. (2 57.) Dr. 5775. - .
· 5. Ι5555757775. 255 5777757557 53775575 5275
-326, 5177775555ίὶ7 555 7777753. 7755 4. 7757755777 77777 77577575
5⁰1111¹5555555555b555545 7577757. 7755 75777775 5575555555
7777777775 7575 777115 77775 5777775555.
7. 5775757755 (7755755577. 354. 555555555
5777757757, 57757575 5577 1548 577 1815 57775777775175555· 577
77 57 5757775777 577 7757777757. 3577..- 57757775· 77 575 557555
577755577555557577577775. Dr. 77777775. 2 . ·
7.5.577’777,.755777 457. 1777755777 5775555777
5717777777 555 55555775575755 577 7777575577 575 7777755 57775
5777577775, 7755 7555575555 757577755757 575 57775777775577. 5577
7715775777 7577 5757577777575 555 5175. 5775 5755577575 57775755
575 77777 77757775 5777577775 7777575757. 77777577 77 555 55775
1- 29, 5755 5. 777- 54. 27 5775777777 5775757755 577 75757557

555 7757775. §oie 577577 5757 777777 555 77575575 Ι 577 5. 111· Ἰ

55577755775775 575757577575777777777.1-150. 0577755777.
8 ’717155777557 55 5. 77775577 775 55. 7555755577.

757. 5777575775.

’, 7777177-,775175 ·

ι’ ’ J 5777777557Ὶ 5557557757. ’ ⁵

1.· 7777757577. 257. 1. 277577 7777557775575,5777577575

77557775777577757757575777775. 7575755755577777757777775775 .
577577555575 577 5. 557777 7775557575 555 755757775775.

7755755577 575 5557777755. 777757575577757757577. 77777.
775577 5

2 757577 5 2 57. 55777775 5757777577 555 5757577577
5777777 577 7755555555 577 5775777577 7755 5777 5775577575

 

t

