74

811 1111811111 1111111 11111 1111 1111111 11111
1111111 11111111 111111 11111111 111 1111 11111111 1111111111
11115111111111 111 1111111111. 1111 111111111118111111
11161111111111 1111111111111111,1111111111 111111111111
1111111111 11 11 11111111111111111 1111111111, 11111111111111111
1111111111111111111111111 11111 1111111111111111111111111111
1111111111 1111111 111 1111111111 1111111111. .

mie &ommenferien 11111111 11 1. 31111 11111 11111111 111
11111111. , .
> 11111111111111111111111111111111111181111111111111

111 (1111111111 1111111111111111111111311111 1810 111
1871 1111 1111111111 1111111 1116111111 111 1111111111 ’
8111111111111111111111111 1111 1111111111 111111
15111111 111 1111111111 111 11111111, 111111 11191111 1111
1111111111 11111 1111111111 11 111 1111111111111111111111
1111111 ’ ¹ η .
111111111111111 11111 111 1111111111111 111 30. 611
111111 111 111 4. 11111111. .

111111111111111111 61111111111111 11, 11 21. 111
1111111111 111 11111111111111.

11111 1111111111 11111111 1111111111111111111111 1111111
118. 1111111111 1111111 11111111, 111111 11111111 11111111 111
1111111111111111111111111111111118111111111 1111111111
111 11111111 11111 111111111111111111111 111 11111111111111
111111111111111 111111 111 11111111 111 11111111 11111111 1111
111111111111111111 1111111111 11111111 1111111111 111 bie 111
1111111 11111 111111 6111111 111 1111111111 111111· 111111
11111111 11111111 6111111111111. *1111111111 1111111111 1111
1111111 11111111 1811 111111111111111111 1111111111111111
(1111111111 1111111111· 1111 1111111111 1111 111111 1111111111
1111111111111111111 1111111111111111
11111111 111 ’111811111111111 11111111111 11111 11111111 ’1111111111
1111111111

 

