’.1.

111 111111111161111111111111111111111111115
1111 111111 11 22. 11111 111 1111111111 11111 11111 11111
11111111111111111111111111. 1111111111111111111111111*-

111 1111111111 11111111111111111111 111111 11131111 1812
11111 1111111111. 111 6111111111 11111 111 1111111111
11111 1111111 11111111 1511111111 11231111111111111·

= 1111 11111 111 (11111111 111111111111111111111,Ι 1111111
111 1111111111 pro 18101. 11 1111111811 15. 17 111111
11, 111 111 1111111111 11111 1111111111 11111 111 1281111111
13 611111111111111. ·

*neutuna-ua·-

⁵ 111111111111111111111 , -

111111 111 1111111111 1111111111 1111 11111 1111 11111111
111111111111111111111111 11111 111111111116111111111 Dr.
11111111 1111. ’111 (11111 111 11111, 1111111 11119811111111
1812 1111111111 11111, 11111111 111111111111111111111 111
3111111 11111111 111 111111 11611111111151111111) fciet:
1111 1111111111 ¹ . ’

1) 11111 1111111, 6111 111 1111111111111111 1111111 11
1111111111, 11111 1111 11111111 11 11111111, 111

2) (11111 11111, 6111111 1111111111111111 Dr. 111111
m 1111111, um 11 1 111111 111 111111 1111111111
11111111. 1

1111111111 111111 21 31111 11111111111111.

1111111111, 111 3. 111111 11111111111111111111111111111

11111111111111111 1111111111 111111 111 611111116111 ’

111111 11111111111111111 1111111, ³
1) 111111 1111, 1111 111 1111111111 1111111111
11111111 (1111111111111111, 11 11 11111111ρ 1111111111 11

11111111 1111111 1111111111111111 11111111 111111111ιὶ.0

 

