11

ΜΟ.»

313315 333). 13331113111111 31111111) 33 313
31331133 1111103111333311111) 313 1331313133331 Lea
e. 940), 333 3333333 333313 33333 33133 3333313333 3333133311
3133313313 1133 3333331333333331333113333 313 313 3111333333
13133333 333 333113331131133311311313 33333313.Ι 33331133333333
33331133 3333 3113 131133 33133133 31113333 331333 31133 1333333133,
331311113313331131113 (xn. 3133313), 13 33 33,
tet 33333- 311 1111113333113131, 3333 313 3133331333· 13333 313
Ξα33331333 133331333333133113313 333 313 Historia de

preliis 1333333 33331333 333 333313 3311 3313 1133333333 3331331311 - ,
33333 31133 3333311111313111333133311333 1113131313333 3311113313333333·Ι Ἰ
333333331311133333313331333111 3313 333 331 1111333 333 .

31333 333 (xm. 11333 33) 33 333333 3333 3133311333 13333333133333
113 333 3133331133 63331333 131333 6331133313 1313113 1333 333
333313 333 3333 131333313311133 33331 331 3313333133333331133
333333 113333 ’333133 (11, 111, 1, 4441-153) 333 3333333 ’3333333

13333 3133333313333333 6. ’1331133133 3 3333 4, 3313333133· 31133

1111111113 3311 11, 11111331 1131113311113 11111111111111111133133.1861
11111.131113.;1331113 1113333133333133311131331311. 43-31 “

¹) 3133 1333333333133 13333333. 133113 1861. 31 3333333 33 313
313 33311133 mmmm 31111333 331 1111113333.-

’)6.1111333.11133331111.ὅ.108136133311331 XV 1133131111
31333 71311113. &itt 61313111 11113111 1311133131111113313313110113313311
3311131311113111131313111333113311 &man hist 311131-13

³) &ein 13133 1333331131 313 11113 te 331 1111. 13333 311 313 31333133
3311333333, 333 3331133313333 333 (1333131333 maten 13313, 333 31313133
333 3333333133 33313313 11311111133313. 33331333, 3333 1313 333 33333
333333 3111 [333133113113333333333 3313133. (13311313. p. 111, 333
333333 111333 3313 3333 1333131133 63333133333333 mie bieEpistola ,111113-

dri 1133311 de 1113131113 31 1111131131 in ea vastitate ad 111113131131] ,

praeoptarem 13133311313111 οι interpretatione 113133Ιί1 1133131111. 131.
1313131331311. (111111 1111313311131311111 regis 1113113333( (1111111-
11131 rogis Btagmanorum de philosopha 3111 litterae 1331311111113. (11.

11. 1111113131 1311111111. 1681111 3131 M 1111 1131133113,331τῶ1 1111
131313113333331313333333111331.. ’ ’ .

31

Α.

 

