...1.1...
11111 611111111116111111111 3111 1116 1111611611111116 161611
6166111111 11611111. 1111111111 1116 61111161611111111 1111 666 6111
1111 31111666111111111111 111111 6611) 611 11111111 6116 611111

1161116111 11111 61111116 11111 611 6111116611611 1611611111 611 ’

1111111 61611611611111111 11116 611 61111111 11111111 6111611111).Ι
111611111111111111111611111111611116111111116111.Ὶ
(1111 16 6161111161 1111666666 616 111 16 (61111161 1111 “
1116111 1111611116 1111111616, 1611111 1111611 1111111161 1111111
&ung 116116161111) 111, 6611 111611 11111111) 111611 bei 6111 66111
111111.. 66 1116 611 1111111111116111111166111111 111 6111111111·
eben 1166111666 611 1111661116111111111116 166616166111
1 611111161611116111111111111611111116111616111 1111111 ubet:
1 16 6111111 ,111 16161111) 611 1116111(1161161111611611111611111.
111111 1611111 11116111 61111111 66111111111111 6116 111111 11161111,
16 611616 Ρ1116116116 61161161611111111111111 1111116161
11 6111, 1611616 11 611111616ιὶ1 de pr. 1111611111. 611 1111111111
16111116, 11161 1161111116 61111 1161111116ιί6 611 6111111161 1111
tatur, 666161161661111161) 116 nat 6116611
1111111, 61111111 111611 11111666 1611116116 111116166111111 ge:
’111116 11 111ι 6111 661111 11111616 1111111116 61111116 1611111161
113) 11116 1111111111 111111111661 1611111111 6161661164), 611
11111 1111111111 1616, 111111 1161161111 6111666111611611111111,
11111166 6111 111111 6111111111 1111 11616011161111116 11111161·
611 11111 11116111 6161111111 1111111111 6116 6661111116 1611

11 ’61 mag 116 6116161611616161166 1111611116 61 men
1111, 116161111ῑὶ11 61661166116161116116611 11611111 11111116· 1. 11. 111111

111 Ὁμηροςι pam 1341111111-61116116 61116111 11116, 616 111 11111111,
51161 616 1111611611 11161116 611 11111111.

’.)3 6.16611111161111616 6611111161 11111611 3611116161 6111
166116. 611161 616. 6.11.,143)11661111161111611111111111111 11111
1 111 611111 &tene 11111 -

⁸) 66 611166161616116111111111 6111111 66 116111, 4 11116 161111.

)6116116111111111116 611611661161116 6. p. 141 116 111111

 

Mal} 1, 11) ’

