64

2. 2222222211. 321. 212 2122222222 222 Quum:
· Qeu Qbuuu uuQ 22121223. 22211212 Qu Qube. 222222222222
222222 22 222222. 22. 22222222. ’
8,. 32122222. ’2 22. 1222211. ’

Quintus ,’
222122122222212222121222. ’

1. 2112122122212222. 322 ’3222222222 212 2121221222
2222222222 2222222222. 22222222 22222222 22.
mucu- . Qua 2122221Ι 222 2221121222 2222212222, 2212212222
QutuQeuuuuQuQueu 22222222 2222122212 2212222 QQ 1112222212

2 2221122. 2 22 22122 222 2212221222 222 22222 222
2221122 22212222. 212 21221211222112221222282222222222122
2221222 222 2222222 2122221222. NJ ς
- ..2222212112 10 22. 2222121212 222 2222212222

· 2222222122 22 22212 1212122222 222 2222222122212222122222 {Qu
uuuuQ 2222222122) 11222212122121122112222222 2212112122εέ
22222122222222112222222,22211Ι-1112122222221.2122
2221212222 222 22222212 uuQ 2222222222 222212122122 22
,22212 222 221222. 222222221222. 2222222122. 2522221222
. 2222222122 Q 32221222122222222222222222111, QQQ
12222122202212212122222221121121221122222222 Qu. 1121222222.

22121212 22 2222222212, 2 Q QQQQ
2222222212 212212 uuit QQQQI.-.— 212 2222222222211121222 222
212112.- 222222221ῶί22 222 2212212112 uQ 222 2222222221ῐῴ2
2222222212. 22. 2121222 , ,.

62222222 36222241122122222222222 222 2222222222
222222 222 222222222322122. QQQQQe 222 2212222222222
2222122221 2222211122 1222112 2221222212 QQ. Queuuuuuu.

1Η21222212222 221. 22222222112221221212211222

 

