1111111 111111 1111 1111111111 111 11111111. (311.) (1111111111
1111 1111111, 1111111111 11111 11111111111111.(111.) Dr. 1111111.

5. 1111111111. 211. 11111’Μ1111111 1111111111,Ρ11-
lielon; 1111111111111111. 1111111111 111 11111111111111
1111111111 1111 (11111) 1. 126- 118, 82-49; 11111 14 &age 111
themna, 11111 1111111111 (1111111111. 1111. 1111111111.

6111111111 1111111111111. 311. 31111. (111
· 1111111111111111111111ς im 111 (411.) 11111111 (11111111. Dr.

11111 1111. ·

1.1111111)1111111 411.1.11111111111111111111111111111
111 1111111111 11111111 1111111111 (111111111111111 1. (1111 11111
11111 1111 1111111111 1111111111 1111111111 2. (11111 1111111 111
111111111111111 81111111 1111111111-1111111111 (1111111111 mit
1111111111 111111111111. 11111111111111, 11111111111111111111111.
111111111111, 31111111111111 11111111111111. 1111 1111111111

3111111. 111111111111111111111 1111 1111111111111111111 uad]

1111111111 1111111111 11111 1111 1. 61-91- 2.(111111111111ῑ
1111111111111111111111111111. 11111111111111118111
111111 11111 1111111 8111111111. 111111 1111111111 1111 11111111 111
1111111 4 111. 1111111111 11111 1111111 1111111. 111. 1111111111.
’ 811111) 111. 211. 1111 1111111 111 111111 11111111 11111
(111111111111. 11111 111111111111111 1111111111111111111111111
1111. 1111111111.

911111111 211111111111111111111111111 11111111
111111 1111 2111111 11111111 1111111111 1111111 1111111111 111111) 111Ι
(1111111111 1111 1111111111- (1111111111 1111111 211111, 18-
24 1111111111 211111 12- 20. 111. 1111111111.

111 1111111111 1111111 1111111111 11111111·

3111. 1 111111111 11111 111 111111 1111111 11111 1111111111
¹ 11111111111111111111111111.Ὶ
211111111111111111 11111111. , ’
1111111 111 111111 11111111 1111111.

 

