12

W*

11111111111111111111111111111111. 1111111 1111111111

1113111111 11111111. ’11 111111· ,
3Η21111111111 961. 01111. 22111111. 21. Vm. 725-

881111,1-2121Χ,1-11;81-117,115-219. (2)61)

’ 11111111111111111111111111111111111-

Vll 111. 111111111111111111 1111111111111111111111. (1111
1111111111111111111-11.111-181.211-224.211
-211 142-344; 1111111111,11111111 11111111 111111
1111111111 111 11111111 1111 1111111111 11111111111111
’11111111 (411) 11. 111111 ’

1111111111. 111. 1111111111 1111111111. Ι, 1-1.
(211.) 1111111111 1111 1111111 1111111111 111 5. 111 111
1111111111 11111111 11111111, 1111111111 ,1111 11111111 11111
11111, 111111111ῑὶ11. (4 51.) 55. 1111111.

1. 1111111111. 211. 1111111111 11111111, 5. 1-11.

-111111111111111111 1. ’111 2111111111. ,1111111111 1111 1111111
11111 1111111111 1111 11111111 mie 11111111 1. 111. 11111111.
11111111111111111111111. 311. 1111111111
, 11111111 111 1111 1111111311111111111111111111111. (111
1111111111 11111 11111111 1111111111111. 11. 111111.

’1. 1111111111. 4 5t. 1. 5titbmetif: 11111 1111111111
1111111111111. ,111111111111111111111111111111. 1111111
1111111111 111111 111111 1111111111 111111 1, 51 -25 11
111111111111111.1-21.-2.1111111111;’111111111111111
1111111111111111111111111111111111111- 82 Dr
11111111, ,.

1 1111111111. 211 111111· 1111111 1111111111
111111 11. 1111111111 .;“· ’ - ι-

 

