70

1111111111 111111 11 1 1111111 111 111111
[11111121111116111111 11, 11111116111111 113, 1111111111
11, 11111111111114,,11111111111111 11, &etta 11·

· 1111111111.

1. 1111111111111111. 1111111 1111111111 1111111
11111 5611, 11111111111111111111 13 111 15 1111111111.

(1111111111 11111111 111 1111111111 111 &t 1111111111 1111111111

1111 11111 111111111111 1111111111 1111111111. ,
2. 6111111111111111. 1113111111 1111111 1111 1111
40 1111 11111111, 1111111 111 1111.
1.111111111111111 111 11111 1111111111111
111111 1111111111. - (11111111 1111111 111111 11111111 1111
111 111111111111 6111111111 111 1111111111.

1111111111 111 1111111111 1111111111
· 11111111111111111 11111 .

mian> 11111. ..μ-1111111
1111111111 ·
1-101111111.11111 1111111111.
1111111111 111111111111.
101-11.-11-’1111611111111111111.11111111111111 ·-
1111111111. 1111 1111111111.
1111111111
12-11 111116111111111111. 1111111111111111.
1111111111 11. 1111111111

 

