58

m

6. 77777777 7777 7777777777. 3 77. 7777777777
7777771777- 7777 7777777777 (7777777777 777 771 7777777777
7777777777 777777) Dr. 77777777. 77777 7777777777 777
7777777777777 Dr. 87777777.

7. 8777777777 4 &t 1 7777777777 7777 7777777777
-et 5& 777777 7777 7777777777 8777777777 777 77 777 77777Ξ
77777 7777 1. 77777 7777 7777777777 7777777777, 7777777777 7777
7777 777 7. 77. -·- 2. 7777777777 7177 77777 777 777 7777777777,
³ 7777777777 777 7777 7777777 777 7777777777 7777777777 7777 77777777.
77. 7777777777

8 7177777 167 7777777777 7777777777 777777 1777

777 7777 777777 88 7777777777
71. 7777777 71) 1 &t 7777777777 777 [1777777777.

777 7777777777 7777 777 7777777777 77777777 ’

77776. 7. 7777777777777777777777777777 777777777777777777
777 ’7777777 7777777777. -
7. 777 77777 777 777 777777, ’ ·
8 §8888188582 777 67777777771877. · ,
4. 7777 7777777 777777777777777 7777777777 77777 777 77777
777 8777777 777 6777777777 77777777 ·
717777777777177 subdere fama solet (77777.)
777 77 1. 7777 7777777777 77 777 3777777777 777 7777777777
777 7777777777 77777777Ι 7777777 7777 7777777777.
,we 7777777777 77777777 7777777777. 777 77
7777777777777 ,777 7777777777 77 7777777777.
»3. 777177 77777777. (777 7777777777 7777 77777777.)
b) 7777 777777 777 77777777 777 7777777777, 777777
. 77777 88538821 , ,
-·4. 7777777777777777777 77777777, 77777177, am
77777777 7777777 7777777777.
5. 7), 777 7771777777 7777 7777777777 77 777 7777 7777
- ,7777777777 777 77777777 b) 7777777777 7777777777777
a·

 

