2⁷

1

333 333 333333 555 33 333333333.1*33333 313 3131333 3331331 33
333333 31333333 3313133133 33333333 11333 Diodor 13311, 455.

’· 3333. (333 3113333.)

3133333333 3133333313333 31333133. 33333333 33 333 333
3333333313 33133333333313 3333331333 333 3555555555
333. 333 33331313 313333333333333 (1133333333 3333333. 313
&5555 3333331333 33313333.- 55 33 3313333. 333 3133333333 555
333 1313 5015 3313333333 5555 33 555 555555555 333
3333. 33313331333333133 3313 131333 5555 33 3331) 3131311333.
3333333333 31313 333333 333 333333 3331133 555 5555 333113
33333133 5⁰5 33133 et 333 33333133333333333333 331 333 55
333 331331.-33331) 333 3133333333 {5555 3333 33333333 313
3333333 3331133133333, 3333333333333113313333333333. 3333
3333 33333313 5555 3133133. 55 (3333 3331113333. 33133333 33 131
3333333. 5555 3333 333333 313 33333333 333 333313333333313 ’
3333133333 333333333313333333333333333333335313133
11331313333333133 331 313 333333 3133133133 33 3333333333 313
3333313313 --·

55 333-333 333 63333 31333 133333 1331333 313133 (333 3333 =
3333333333333.3331333333) 3333333113 (3313111331. 333 515
3313) 33 1333133 333 131333. 333 3133 505 55 3133333133
3333 55555555 33133 3333333 555 3331313333 33133 3333
33333 333 3313311333 3133133 3331333333. 33333133 33333 3 3333 1333
313 3333333313 3333 3333333333 33133333. .333 33 mitten 5155 ,
11333333 33333 31333. 555555155 3333333. 331333133333131331)

33313133 63313333 313333 ¹55555' 33 13311333 555555 313333.
woolsey' 333 3333 Journ. of 3113 Ameria orient„ Soc. pag. 555

33333313 55555: „The Syriae wholly mistakes the sense 31
3 very plain passage, but 333333 other tuin 55 133333-

1113331133133133333333 3313333333 33313 0155551502551 31333·

3133133. 5 s ’ ¹, 4 ,ι

 

