*nna-¹

’ 3) Batti, 333 33333333 naal, 3333, 333 333 (33333333 qa

33333 3333, 313333333333333 333333. 3390 333333) 33 33
9333333333 Aphrodite. 3333 3333333 33333 333133, 33333333
’33333 33333333· 333 3333333333 3331333333 333333 333 3333
3333333 33333333, 343 333 333. &mutae 33333333 33
33333333 eine 33333333 333 3333 3333333333333· 33333.
’ 5) 3333 Horoskqp 33 333 33333, 333 3333333333 33333 33
33333333 3333333333, 333 „genitum tempomh orientali 3333
coeli emergit in hemisphaerium nostrum et ortus 3333113
tur.“ 3333 3333 et 33 333 333333 bet πίναξ 3333333333. 3333 33
333333 3333333333333 33 333 33333 33333 3333333333 3333333
3333333333 333333,- 333 .’333333333, ’33 333333 3333333 33333.
(333333 ΧΙΙ 3,.31). 1) · -

33333333 3333333333 33333333 333 3333333333
33333333 333333 33 333 3333333333333 33333333 33 3333 33
33333333 3333 333 3333333 &telle 333 3333 ²). 333333333333333
’33333333 33) 333 333333, 333 33 3333 333333 333333, 33333
3333333 3333333333 333 3333333333 3333333 333 3333 33333333 33333
wat 333 33333333 33 333333 333333 33333333 3333333 &eb 333333

, 333 33 3333333333 3333 333 bem 33333333333333333 3333333

33 3333333 3333, 333 33 333 3333333333333333 333 3333333
3333333333333 mit 333 33333333 3333333 3333333 33333 3333 3

· 3333, 333 33333333333333333 333333 33 33333333 ibn 33333333

b 333. , .
,mm 33, 333 3333333 333 3333333 3 mn 33 ’3333 33333333. 33

m

¹) nohum 333 normam· 33333333 333 333 333333· einiger 333333 33
3333333333 33333333 not. 3333) 333) Nobu 3333 3333333 313. 33333333
33333, 3333333333, 3333333333. 333. 333 3333333333 3333333333, 3333
33333333 3333 3333333333 333 333333. 3333333. 331. 33333. lu 11·
333 3) ‘hr 333333 333 33 333 3333333333 33333333, mininam& Pha 333

33 3333333333, 3333333333. 33333. 33333· 33333333 gut 333333. 3333333333.
3333333333. 3. 333. (3. vlu, 87 3. sss) ¹
‘lm 33333. 13311. 1, 43, 11, 33 etc.

 

